5.73473727
7.41125004
8.00430835
3.95536483
2.03461666
1.72272037
1.58514649
1.48616706
1.36860194
1.25509853
1.18556922
1.14739611
1.02866559
0.99134509
0.95620231
0.88642103
0.84819836
0.77608175
0.77272287
0.72857398
0.80302079
0.77485792
0.67887581
0.66031412
0.61321751
0.64815959
0.57518892
0.55699674
0.54167825
0.59679747
0.62413629
0.62702562
0.58365771
0.54389385
0.51557080
0.52248537
0.59258642
0.52671829
0.51227114
0.50875231
0.50248968
0.49220381
0.47153559
0.46743930
0.49017838
0.45264678
0.48278824
0.44569404
0.47111913
0.49396510
0.41959444
0.42974103
0.42673327
0.43918918
0.43230715
0.45497779
0.44162406
0.41261489
0.41058373
0.43649221
0.43676320
0.39916830
0.52544424
0.42469194
0.42315900
0.42528434
0.42207266
0.39636206
0.38168223
0.38659197
0.40057306
0.37599232
0.39403375
0.42009560
0.43691157
0.38914120
0.38297658
0.37940151
0.42153955
0.37325189
0.38324439
0.36488631
0.34914622
0.36359649
0.34799350
0.37049664
0.35056179
0.34273730
0.34943598
0.37234510
0.34659181
0.36937310
0.40474754
0.34135215
0.35413293
0.38909956
0.36493018
0.36397867
0.36895080
0.40432103
0.38266774
0.40260021
0.35626293
0.33275054
0.37811108
0.38784387
0.34046049
0.31922824
0.32431542
0.32120722
0.35033136
0.33283831
0.31575876
0.31506089
0.32362956
0.32188720
0.32349889
0.33066435
0.32018051
0.32366748
0.31763881
0.33407713
0.32782152
0.31353633
0.31556438
0.30974337
0.30940601
0.31569911
0.31854430
0.32067157
0.30911492
0.31051090
0.30349120
0.30371687
0.32568249
0.31081605
0.33554796
0.36173262
0.31876341
0.30290890
0.29886908
0.29593817
0.32284707
0.30849589
0.29106188
0.28955317
0.29057065
0.29670571
0.29580943
0.29029630
0.29343401
0.31013705
0.28807628
0.29531700
0.29804355
0.29137332
0.29370565
0.30480034
0.29616767
0.30807439
0.30101805
0.31694451
0.30262883
0.28986981
0.28693561
0.28985833
0.28085671
0.28782342
0.28008342
0.28628529
0.28725037
0.27931731
0.28056361
0.28344786
0.28363288
0.29896907
0.29391051
0.27967721
0.29323616
0.28961356
0.28316971
0.30317050
0.28433319
0.28249448
0.28684679
0.28436333
0.28071141
0.27510481
0.27659918
0.28772566
0.27861146
0.28397216
0.27262894
0.26806111
0.27970645
0.27595543
0.27252791
0.27341682
0.26726808
0.27579495
0.27478135
0.26907772
0.27998380
0.27183674
0.26949394
0.26954767
0.26471700
0.28031975
0.28615436
0.26880935
0.29861980
0.27270162
0.27091177
0.26704926
0.26260960
0.26195441
0.26137075
0.27532521
0.26886966
0.25832966
0.29689759
0.26552505
0.26249804
0.28462620
0.26175116
0.27716163
0.28460933
0.26277758
0.26729024
0.25256250
0.25863976
0.26782639
0.26932812
0.25287937
0.27013517
0.26141671
0.26082386
0.25681583
0.26112224
0.25469079
0.25393368
0.25295301
0.25054838
0.24954324
0.25194547
0.24907018
0.25934225
0.25038174
0.24870386
0.25328706
0.25549608
0.26104587
0.25247366
0.25279503
0.24899863
0.26387283
0.25307511
0.24983989
0.25495038
0.24663120
0.24266903
0.25078315
0.24707239
0.24830929
0.25638456
0.24242858
0.24257396
0.23854839
0.24013559
0.23973137
0.23789966
0.23751840
0.24750575
0.23576600
0.23842802
0.23911059
0.23902015
0.24419869
0.24424425
0.24914182
0.26085337
0.23929774
0.25167912
0.24418803
0.24352477
0.24036501
0.25639012
0.24163220
0.24675424
0.25033310
0.24385866
0.24134487
0.23908419
0.24808469
0.24296930
0.24350712
0.23673692
0.24670535
0.24439784
0.25602129
0.24053866
0.24990891
0.24859118
0.23253086
0.23912770
0.24403159
0.23975339
0.24211228
0.23498049
0.25100327
0.25020851
0.24471951
0.24101002
0.25680685
0.24231747
0.24133202
0.24046983
0.23460152
0.24064814
0.22940536
0.23188940
0.25060127
0.23894722
0.23582239
0.23208961
0.23809941
0.24528727
0.23735726
0.23701136
0.23618511
0.23411328
0.23274445
0.23797146
0.23559819
0.23918978
0.24072852
0.22835447
0.22567158
0.24619715
0.24015279
0.23298117
0.22839900
0.23149238
0.24271297
0.24187984
0.22850202
0.22868490
0.22427106
0.22823344
0.23801566
0.23429565
0.23224862
0.23135367
0.24293730
0.22759668
0.24930881
0.23019000
0.23918773
0.22596644
0.23225980
0.24061519
0.23102059
0.22788551
0.23064626
0.22835473
0.23853090
0.23897411
0.23979721
0.24414313
0.25272810
0.23091750
0.22435175
0.23249599
0.24271579
0.22595063
0.22515091
0.22561689
0.23896548
0.23353898
0.23944481
0.22641475
0.22677398
0.23494321
0.23248806
0.22816045
0.22277678
0.22391888
0.21901741
0.22556430
0.22025708
0.22033974
0.21933301
0.21971223
0.22558335
0.23055112
0.22732268
0.22312329
0.22209318
0.22276434
0.22521963
0.21878761
0.21728336
0.21708945
0.22244529
0.23295308
0.21556594
0.21851670
0.21985216
0.22079422
0.22058022
0.21763118
0.21468046
0.22399099
0.22693191
0.22170263
0.21699711
0.21725692
0.21979146
0.21803881
0.22384744
0.22084867
0.22352917
0.22018551
0.22025451
0.22228750
0.21532236
0.21422609
0.22329978
0.21724624
0.21453249
0.21017289
0.21855700
0.22129840
0.21407549
0.21028714
0.21981435
0.21312108
0.21657146
0.21537875
0.20891924
0.23227369
0.22058366
0.21512526
0.21614628
0.21400304
0.21355774
0.21622728
0.21004994
0.20848841
0.21496454
0.21307642
0.21217446
0.21239877
0.21138850
0.20913663
0.21373347
0.21349433
0.21294281
0.21222511
0.21052442
0.20917750
0.20988727
0.21484656
0.21211103
0.21265938
0.22043253
0.20736735
0.20748874
0.20456297
0.20833932
0.20934494
0.21116021
0.20674902
0.21119362
0.21232567
0.21169766
0.21012062
0.21069044
0.20793528
0.20773318
0.20984989
0.22205953
0.21038057
0.20594672
0.21101661
0.21716929
0.21186570
0.20513095
0.20568187
0.20415897
0.21671527
0.20726339
0.20505753
0.20426205
0.20816671
0.20513968
0.20670033
0.21612205
0.21028582
0.21368530
0.21308824
0.20806007
0.20852352
0.21039779
0.21702480
0.21129634
0.21848902
0.21796572
0.20910384
0.20655634
0.20682859
0.20632133
0.21099597
0.20995697
0.21215512
0.20921885
0.20999107
0.21452048
0.20875166
0.20563944
0.21283776
0.21067486
0.20829723
0.20961347
0.21391016
0.20299034
0.20669899
0.20937397
0.20504842
0.20732793
0.20665069
0.20094490
0.20364688
0.19886931
0.20075911
0.19997858
0.19988570
0.20235587
0.21071869
0.21103424
0.20640100
0.20641066
0.20712322
0.20859884
0.20299798
0.20024044
0.20430746
0.20238026
0.20647869
0.20628346
0.20948475
0.20108649
0.20261588
0.20811714
0.20326479
0.21937168
0.20885549
0.20420133
0.20626016
0.20649192
0.20462727
0.20200646
0.19944896
0.19896308
0.20169118
0.20036796
0.20503372
0.20361543
0.20098246
0.19759054
0.20192837
0.20394577
0.20067399
0.20216683
0.20186528
0.19516489
0.19408536
0.19875100
0.19744943
0.19872059
0.20206124
0.20090311
0.19707919
0.19439861
0.19804963
0.19627988
0.19950602
0.20271001
0.20145396
0.19726690
0.19722522
0.19435523
0.19496704
0.19413368
0.20959591
0.20272097
0.19398578
0.19487772
0.19438130
0.20085788
0.19676182
0.19690758
0.19372797
0.20534038
0.19714892
0.19992287
0.20471200
0.20351094
0.20115813
0.19937484
0.19829265
0.20881350
0.19843797
0.19367664
0.19463383
0.19811749
0.19744985
0.19399616
0.19230902
0.20102726
0.19311481
0.19770663
0.19955417
0.19604526
0.19732670
0.19986160
0.19975266
0.20535345
0.19927058
0.19776447
0.20118533
0.19699679
0.19193651
0.19659746
0.19976166
0.20215817
0.19341977
0.19255226
0.18870241
0.18901571
0.18881191
0.18903754
0.18778425
0.19414525
0.19182193
0.18932210
0.19326513
0.19909429
0.19565317
0.19350643
0.19620769
0.19278312
0.20547867
0.19254150
0.19687601
0.19032975
0.19029511
0.18933089
0.18784916
0.18820821
0.19041916
0.18809021
0.18874508
0.18865612
0.19010668
0.19199612
0.19882105
0.19081673
0.19198504
0.18784291
0.18960429
0.19096511
0.18598094
0.18921976
0.20065309
0.20659399
0.18981016
0.18678842
0.18641217
0.18995106
0.18724110
0.18876267
0.19205574
0.19767178
0.18866068
0.18797801
0.19168165
0.19201502
0.19268052
0.18938025
0.19533755
0.19019518
0.19161012
0.19011052
0.18887044
0.20004014
0.20281356
0.19370315
0.18823086
0.18866407
0.18868388
0.18798984
0.19089981
0.18482298
0.18708461
0.18791291
0.18781556
0.18802463
0.19131967
0.18630997
0.19187072
0.18734264
0.18602466
0.18265702
0.18752843
0.18896347
0.19629443
0.18402207
0.18341262
0.18509732
0.18817183
0.18501639
0.18735549
0.18567017
0.18720939
0.20120638
0.21172102
0.19804760
0.19994504
0.20610341
0.20138617
0.18400027
0.18889629
0.18417871
0.18632624
0.18085763
0.18158199
0.18155377
0.18060074
0.18266796
0.17946728
0.18140732
0.18292042
0.18194189
0.18061310
0.18329968
0.18161595
0.17987657
0.18161038
0.18229898
0.18918079
0.18331151
0.18172949
0.18275194
0.18249385
0.18466581
0.18435280
0.17973724
0.18304829
0.18154434
0.18197808
0.18853350
0.17880522
0.18069763
0.18061922
0.18291724
0.17978908
0.17947730
0.18377495
0.18369783
0.18100798
0.18454237
0.18017169
0.18207326
0.17822728
0.18181870
0.18517946
0.18296621
0.20601598
0.18504631
0.18251520
0.18349437
0.18065288
0.18525666
0.18316458
0.18073573
0.17989678
0.17956778
0.17648213
0.17866628
0.17874685
0.18018491
0.18396294
0.18709800
0.18979844
0.18714655
0.18054582
0.18136632
0.17869146
0.18718548
0.18095634
0.17821834
0.17578749
0.17652639
0.17651774
0.17736089
0.17732949
0.17604369
0.17633846
0.18087100
0.17803405
0.17822508
0.17741031
0.18086955
0.18497066
0.18094148
0.18499980
0.18457985
0.18108668
0.18104083
0.17947050
0.17918109
0.17986467
0.17691912
0.18214141
0.18134324
0.18425577
0.18285211
0.17677545
0.17596681
0.18138012
0.18322960
0.17794997
0.17781013
0.17944985
0.17839469
0.18281644
0.17474562
0.17433705
0.17587521
0.17744118
0.17426380
0.17531797
0.17404802
0.17460111
0.17450104
0.17580241
0.17589816
0.17460327
0.17722510
0.17709072
0.17789746
0.17627740
0.17566778
0.17840963
0.17522872
0.17512462
0.17544657
0.17391523
0.17480362
0.17453986
0.18019532
0.18214534
0.17728033
0.17548140
0.17706398
0.18045656
0.17606051
0.17631068
0.17566519
0.17624362
0.17680998
0.17608290
0.17895402
0.18177332
0.17661162
0.18111069
0.17207966
0.17202934
0.17234607
0.17309435
0.17259881
0.17563622
0.17593759
0.17432228
0.17734210
0.17099942
0.17173036
0.17457951
0.17728757
0.17514580
0.17607532
0.17054528
0.16989310
0.16933848
0.17456607
0.17635982
0.17588640
0.17780082
0.17498186
0.17168735
0.17093622
0.17329014
0.17442174
0.17172866
0.17216998
0.17154643
0.17160711
0.17670988
0.17277141
0.17392867
0.17379979
0.17571592
0.17758049
0.17253445
0.17396888
0.17547843
0.17505586
0.17443747
0.17185473
0.17174513
0.17932380
0.18712767
0.16996342
0.17626687
0.16817883
0.16943052
0.16661719
0.16990660
0.17667749
0.17085064
0.17585841
0.17259247
0.17172895
0.17614783
0.18025441
0.17492446
0.17307930
0.17357737
0.17020081
0.17581264
0.17440011
0.17710920
0.17891189
0.17538943
0.17702643
0.17309297
0.16966946
0.17076774
0.16889712
0.17428366
0.17077176
0.17570837
0.17714474
0.16955997
0.17473823
0.17121775
0.17114730
0.17192372
0.17211493
0.16834031
0.16979620
0.17440829
0.17296591
0.17642098
0.17232130
0.16886712
0.16788409
0.16932307
0.17227707
0.16976253
0.17383312
0.17403388
0.17185963
0.17173948
0.17403623
0.17223046
0.17123396
0.17238154
0.17427668
0.16941387
0.17155048
0.17747162
0.17340419
0.17623364
0.16987928
0.16975426
0.16937599
0.16934712
0.17222386
0.17063549
0.17224708
0.16775923
0.17027123
0.16857782
0.16642746
0.16887867
0.16474342
0.16806717
0.16619570
0.17230709
0.17800955
0.17346055
0.17091698
0.16596884
0.16487530
0.16764433
0.16955949
0.16829505
0.16465727
0.16321048
0.16586303
0.17461872
0.16579663
0.16546019
0.16778502
0.16478052
0.17019037
0.16901243
0.16685389
0.16487681
0.16520512
0.16575754
0.16689417
0.16704848
0.16381665
0.16770031
0.17238179
0.17213965
0.16909603
0.16682177
0.17087694
0.17318700
0.17813204
0.16825582
0.16516699
0.16231657
0.16332870
0.16565311
0.16238438
0.16367307
0.16111285
0.16113889
0.16242575
0.16389811
0.16354570
0.16270296
0.16285035
0.16282981
0.16175356
0.17098613
0.16994272
0.16251911
0.16964813
0.17255686
0.16986310
0.16438515
0.16393247
0.16405642
0.16432975
0.16439866
0.16348596
0.16165001
0.16483641
0.17155762
0.16510275
0.16374472
0.16452878
0.16373551
0.16401713
0.16527357
0.16406977
0.16742360
0.16418860
0.16145775
0.16361775
0.16312683
0.16453839
0.16280984
0.16452435
0.16225858
0.16672849
0.16700140
0.16929236
0.17176486
0.16664408
0.16534073
0.16029771
0.16090692
0.16180589
0.16780608
0.17369721
0.16501059
0.16233836
0.16136686
0.16406944
0.16471773
0.16328725
0.16216410
0.16423639
0.16109279
0.16306160
0.16019163
0.16267515
0.16297928
0.16432281
0.16907940
0.16555403
0.16422814
0.16287912
0.16239453
0.16336006
0.16373739
0.16472747
0.16337941
0.16271527
0.16228587
0.16213128
0.16675920
0.16428693
0.16198849
0.16771063
0.16687584
0.16763384
0.16402998
0.16084780
0.16372429
0.16411049
0.17064150
0.16633652
0.17383620
0.16792264
0.16068271
0.16388276
0.16853522
0.16900560
0.16802259
0.16262837
0.16253757
0.16064762
0.16422030
0.16552380
0.16177623
0.16317686
0.16134428
0.16250596
0.16347308
0.16372270
0.16175880
0.16332574
0.16432690
0.16217309
0.15899791
0.15837580
0.15646921
0.16029658
0.16081120
0.16323364
0.16100518
0.16271414
0.16050374
0.15707712
0.16128272
0.15854532
0.15795951
0.16062795
0.16186099
0.16035249
0.16127444
0.16113702
0.15614550
0.15630854
0.15816922
0.16159360
0.16413367
0.15881975
0.15938069
0.16477240
0.16364677
0.16184816
0.15895116
0.15850050
0.15953585
0.16054635
0.16376717
0.16326038
0.15903470
0.15739031
0.15686389
0.15697655
0.15578834
0.15670819
0.15756039
0.16105330
0.15867443
0.15860268
0.15792996
0.15835133
0.16066622
0.15633105
0.15556284
0.15687498
0.15663807
0.15496385
0.16373618
0.16598184
0.16181754
0.16030979
0.16416267
0.16031216
0.15473437
0.15640005
0.15774024
0.16246055
0.15941627
0.15859973
0.15656402
0.15305257
0.15263918
0.15362389
0.15368532
0.15500531
0.15521286
0.15464918
0.15566316
0.15467352
0.16117237
0.15670875
0.15526564
0.15455912
0.15301229
0.15518983
0.15420763
0.15284209
0.15739824
0.15538419
0.15573972
0.15788814
0.15380282
0.15844657
0.15774145
0.15514923
0.15526309
0.15262755
0.15840916
0.16127592
0.15563447
0.15464555
0.15932063
0.15785529
0.15412841
0.15302843
0.15277705
0.15166478
0.15133498
0.15068442
0.15356473
0.15609082
0.15585477
0.15762377
0.15689877
0.15839956
0.15645480
0.15632811
0.15257232
0.15132317
0.16145926
0.16103873
0.15608661
0.15373405
0.16382204
0.15698644
0.15590660
0.15678470
0.15422871
0.15154847
0.15093646
0.15117847
0.15095478
0.15048147
0.15019489
0.15167994
0.15415026
0.15212368
0.15589698
0.15529552
0.15279396
0.15148901
0.15723456
0.15448966
0.15395584
0.15302063
0.15199487
0.15329777
0.15302059
0.15215019
0.15356095
0.15675367
0.15066256
0.15018536
0.15295474
0.16566299
0.15897039
0.16096588
0.16080572
0.15868712
0.15541481
0.15698874
0.15510760
0.15410729
0.15340766
0.15472563
0.15403738
0.15579570
0.15134185
0.15062683
0.14886643
0.15247255
0.15577468
0.15995809
0.15377582
0.15190311
0.14919960
0.15185409
0.15087671
0.14955740
0.15295776
0.15038939
0.14955439
0.15027158
0.15091599
0.14975489
0.15119247
0.15342574
0.15218559
0.15176409
0.15597384
0.16111675
0.16616278
0.16450965
0.15287558
0.15376807
0.15108449
0.15111896
0.14983514
0.15132724
0.14984570
0.15155147
0.15074856
0.15253831
0.15231122
0.14805344
0.14805020
0.14875565
0.15028073
0.14891944
0.14709579
0.14712158
0.14962174
0.15003194
0.15106898
0.14950749
0.15031285
0.14948659
0.14863475
0.14837834
0.15788653
0.15237358
0.14930215
0.15359081
0.14775179
0.15463378
0.14773336
0.14753837
0.14881859
0.14882952
0.14936506
0.14654773
0.14742298
0.14665943
0.14695743
0.14613144
0.14724270
0.14823999
0.15378421
0.15066116
0.15222464
0.15464245
0.16586513
0.15212330
0.14945698
0.15796042
0.15095732
0.15099015
0.15215617
0.15441436
0.15637302
0.15196579
0.15090088
0.14859764
0.14895152
0.14734158
0.14688288
0.14750398
0.15042023
0.14490075
0.14705676
0.15187706
0.15313229
0.14972783
0.15073744
0.15753639
0.15028970
0.15256283
0.15483398
0.15458615
0.15260864
0.15207667
0.15000156
0.15064391
0.14830371
0.14655995
0.14914844
0.15214422
0.14800521
0.14526459
0.14753516
0.14898394
0.14635504
0.14646061
0.14767681
0.14875048
0.14490310
0.14357713
0.15162858
0.14910391
0.14711875
0.14779879
0.14480335
0.14461879
0.14598703
0.14896140
0.14478844
0.14394881
0.14347203
0.14534231
0.14239144
0.14530257
0.14580650
0.14919271
0.14632844
0.14391515
0.14511006
0.14902364
0.14938764
0.14993465
0.14785561
0.14940018
0.15001219
0.14362579
0.14293852
0.14387465
0.14327207
0.14663135
0.14861365
0.14672723
0.14461931
0.14316063
0.14511776
0.14308661
0.14525528
0.14252885
0.14249142
0.14227162
0.14362748
0.14510440
0.14474179
0.14260182
0.14341254
0.14441013
0.14468249
0.14223753
0.14543288
0.14462433
0.14551564
0.14639111
0.14317014
0.14263061
0.14352169
0.14165420
0.14070807
0.14146833
0.14101406
0.14362896
0.14508240
0.14465166
0.14404783
0.14283878
0.14275182
0.14221553
0.14231457
0.14572043
0.14506310
0.14447482
0.14143969
0.14333642
0.14194573
0.14533873
0.14635768
0.14731749
0.14617833
0.14501164
0.14782066
0.14611194
0.14743141
0.14497038
0.14199375
0.15142144
0.14637823
0.14790668
0.14906543
0.14531897
0.14447775
0.14075237
0.14383748
0.14188218
0.14054068
0.14502657
0.14464795
0.14653389
0.14550143
0.14324665
0.14464185
0.14381846
0.14525833
0.14538181
0.14743304
0.14644145
0.14653125
0.14417147
0.14510846
0.14060013
0.14462818
0.14792975
0.14763399
0.14326991
0.14643246
0.14161206
0.14068441
0.14078051
0.14456643
0.14118333
0.14147448
0.14275077
0.14938613
0.14460948
0.14096447
0.14357992
0.14742723
0.14998791
0.14513966
0.14535783
0.14489653
0.14477498
0.14644633
0.14196782
0.14807103
0.14549129
0.14386199
0.14356184
0.14184618
0.14164393
0.14312452
0.14206018
0.14036692
0.14175651
0.14070984
0.14026140
0.13937461
0.14031352
0.14175678
0.14024864
0.14229586
0.14393135
0.15042523
0.14891857
0.14394123
0.14466631
0.14286281
0.14142609
0.14261925
0.14206297
0.14267566
0.14196642
0.14251566
0.14213026
0.14126108
0.14306108
0.14206139
0.14336990
0.14175043
0.14192707
0.13918502
0.14311838
0.14054861
0.14481829
0.14184368
0.14210687
0.13988243
0.13976249
0.14228292
0.14251423
0.14599862
0.14548881
0.14154237
0.13993874
0.13945473
0.13886435
0.13776531
0.13886429
0.14039626
0.14085838
0.14111836
0.14368770
0.14284309
0.14554845
0.14340680
0.14080955
0.14157736
0.14202541
0.13913642
0.14092018
0.14227562
0.14242326
0.14251581
0.14049416
0.14000547
0.14243482
0.14666067
0.14013308
0.14215362
0.14105231
0.13862909
0.13926394
0.14237904
0.13940499
0.14325125
0.14034707
0.13702261
0.14017095
0.14311415
0.13959529
0.13979295
0.13953066
0.14027787
0.13788388
0.13602771
0.13602405
0.13730772
0.13591556
0.13577660
0.13605772
0.13530898
0.13691998
0.13740370
0.13977422
0.13583407
0.13489333
0.13521942
0.13625269
0.13615353
0.13650393
0.13900830
0.13792551
0.13565544
0.13814540
0.13737118
0.14056388
0.13599753
0.13619194
0.13793765
0.13810003
0.13898327
0.14048519
0.13849153
0.13777775
0.13728708
0.14067097
0.14388492
0.14481823
0.13945235
0.13949957
0.13697677
0.13902429
0.14206210
0.14019691
0.14171786
0.13818859
0.14007858
0.13754100
0.13780987
0.13680737
0.13939490
0.13608691
0.14003629
0.13571169
0.13664981
0.13812297
0.13910941
0.13965217
0.13796636
0.13849975
0.13504643
0.13475070
0.13727542
0.13612366
0.13596148
0.13548560
0.14012733
0.14081119
0.13695253
0.13712591
0.13643573
0.13633137
0.13547855
0.13762059
0.13841360
0.13692216
0.13871435
0.13863663
0.13716205
0.13720266
0.13534332
0.13794307
0.13734654
0.13681331
0.13543370
0.13725414
0.13858290
0.13311363
0.13976875
0.13558211
0.13530887
0.13687516
0.13851073
0.13936070
0.13705514
0.13504868
0.13458402
0.13267467
0.13841311
0.13756671
0.13988976
0.14365250
0.14032286
0.13796385
0.13483548
0.13522335
0.13472251
0.13721836
0.13754034
0.13779240
0.13725215
0.13342396
0.13410994
0.14080262
0.14001885
0.13520196
0.13501387
0.13417007
0.13749197
0.13532946
0.13441220
0.13368253
0.13330680
0.13640625
0.13939351
0.13991482
0.13935044
0.13617171
0.13669054
0.13485277
0.13744408
0.13910910
0.13735700
0.13649766
0.13698413
0.13373043
0.13368271
0.13348915
0.13396555
0.13335608
0.13375510
0.13533533
0.13448741
0.13287720
0.13628345
0.13693040
0.13640809
0.13826516
0.13508999
0.13791589
0.13798655
0.13522849
0.13180494
0.13165754
0.13282549
0.13278325
0.13446818
0.13429787
0.13383987
0.13517638
0.13786832
0.13664690
0.13440281
0.13472206
0.13308874
0.13600383
0.13581071
0.13716321
0.13852812
0.13808656
0.13619683
0.13499718
0.13562554
0.13665757
0.13364363
0.13371430
0.13553842
0.13391327
0.13473517
0.13564821
0.13989537
0.13312413
0.13386824
0.13293137
0.13479146
0.13229087
0.13426700
0.13149728
0.13216372
0.13887737
0.13741726
0.13518066
0.13155766
0.13364990
0.13019550
0.13055105
0.13080857
0.13277933
0.13271191
0.13106689
0.13432267
0.13114126
0.13376901
0.13177752
0.13468170
0.13253957
0.13029742
0.13183588
0.13205484
0.13449073
0.13099040
0.13125680
0.13253907
0.13625752
0.13171198
0.13007629
0.13010479
0.13021816
0.13139451
0.13072559
0.12925417
0.12871434
0.12790067
0.12913461
0.12848097
0.12858430
0.12913728
0.13233154
0.12983889
0.13321260
0.13501382
0.13186183
0.13119916
0.13273097
0.13037589
0.12898339
0.13091544
0.12908738
0.12951961
0.12955054
0.13025327
0.13512595
0.13358545
0.13252848
0.13381681
0.13227148
0.13392520
0.13557313
0.13380033
0.13403068
0.12945308
0.12947847
0.13286718
0.13566213
0.13200274
0.13027404
0.13482132
0.13828740
0.13607968
0.13701696
0.13361360
0.13507539
0.13198584
0.13153139
0.13194763
0.13562997
0.13327655
0.13152316
0.12994319
0.12980571
0.13192698
0.13447368
0.13767402
0.13680098
0.13640227
0.13394101
0.13101635
0.12974556
0.13099951
0.12907100
0.12886666
0.12808128
0.12875180
0.12736835
0.12662289
0.12657390
0.12851263
0.13025401
0.13061355
0.12860713
0.13074362
0.12981734
0.13191569
0.13115063
0.13130650
0.13284293
0.12885156
0.12743748
0.12775814
0.13305148
0.12781198
0.12651591
0.12677368
0.12676343
0.12656562
0.12936356
0.12969718
0.12843990
0.12885911
0.13072714
0.13091531
0.12725716
0.12708937
0.12969314
0.12697723
0.12688594
0.12616113
0.12754425
0.12764994
0.12827719
0.12777373
0.12682666
0.12773499
0.12878810
0.12967575
0.13247011
0.13131199
0.12585257
0.12735038
0.12843586
0.13111338
0.13394332
0.13118895
0.13036921
0.12613432
0.12887618
0.12876197
0.12894896
0.13036070
0.13128104
0.12831055
0.12990853
0.12878900
0.12828265
0.12847025
0.13390918
0.13035453
0.12853881
