2.30183214
2.30078505
2.29933042
2.29750919
2.29524581
2.29231336
2.28832622
2.28294224
2.27561303
2.26566425
2.25193967
2.23298098
2.20779069
2.17371005
2.12885141
2.07124412
2.00406931
1.92740789
1.82306147
1.69205047
1.56040013
1.43821798
1.31577405
1.20717868
1.11147667
1.02631732
0.92552905
0.88489576
0.84818903
0.82533542
0.78483312
0.70279195
0.68745259
0.76448832
0.74676347
0.69689767
0.65665533
0.60700660
0.58491139
0.60522487
0.61160120
0.60541209
0.55909444
0.53373871
0.54666932
0.55304122
0.55867371
0.59182703
0.62620820
0.60016574
0.54007389
0.49091697
0.50995284
0.53105981
0.54019709
0.49806724
0.44429130
0.43554323
0.44785531
0.45505881
0.47228853
0.44444710
0.41824757
0.40898639
0.42711091
0.42926359
0.42008131
0.42600422
0.44131109
0.46580469
0.45309540
0.43393967
0.42660618
0.39879639
0.42488273
0.48052590
0.43665477
0.42617949
0.41866077
0.40869391
0.39333351
0.38406082
0.38425621
0.39731104
0.39395545
0.37610258
0.37858323
0.38947159
0.37914132
0.37379772
0.38605461
0.40092930
0.39468696
0.37624476
0.35522852
0.34197507
0.33867234
0.34573803
0.35533544
0.35544215
0.34730691
0.35046667
0.35680659
0.36087112
0.35016113
0.33515336
0.32547439
0.32239122
0.32778631
0.32251390
0.33346172
0.33783648
0.32325142
0.31733500
0.32519568
0.34207155
0.33233821
0.32178306
0.31707856
0.31855401
0.32121417
0.32218376
0.33162397
0.34049972
0.35676481
0.33404816
0.30998232
0.31805577
0.33500627
0.34036403
0.32809641
0.30407779
0.31459098
0.35166054
0.39304405
0.37345674
0.33714763
0.29481705
0.28603769
0.30611096
0.33122259
0.33532356
0.33005499
0.31871722
0.31064050
0.31583836
0.31812491
0.31035618
0.29603700
0.28618004
0.28279411
0.28748384
0.29519189
0.29666054
0.29238887
0.27911366
0.27507478
0.27991917
0.28616106
0.28331898
0.28102127
0.27907182
0.27173749
0.26692515
0.26731691
0.27430860
0.27778146
0.27914870
0.28538247
0.28797315
0.28573612
0.26807377
0.26263008
0.26414646
0.26782578
0.27200739
0.27789661
0.28371027
0.28344256
0.27135438
0.26179477
0.25924755
0.26688305
0.27751100
0.28754203
0.28264822
0.27556374
0.27322140
0.26990702
0.26391288
0.26412997
0.27159921
0.26726569
0.25646947
0.26146465
0.26853467
0.27849151
0.28451046
0.29183100
0.29327714
0.28454354
0.26703143
0.26039714
0.26726951
0.27831311
0.28612224
0.28443598
0.27537319
0.27594675
0.27759557
0.28322122
0.28402008
0.27211674
0.25818809
0.25520738
0.25524623
0.25480125
0.25035718
0.24755975
0.25466099
0.26507014
0.26768314
0.25305489
0.23920608
0.22918859
0.22642564
0.22503039
0.22773546
0.23559281
0.24003111
0.23758272
0.23175557
0.22852644
0.22955730
0.23334394
0.24025327
0.24194393
0.23906654
0.23291018
0.23079039
0.23278926
0.23215812
0.22776173
0.22518903
0.22448499
0.21905305
0.21656344
0.21930372
0.22416193
0.23408569
0.24528535
0.25206642
0.25562363
0.24480549
0.23308337
0.22575527
0.22309660
0.21962383
0.22217822
0.22843473
0.23734802
0.24361822
0.23862116
0.22172761
0.22289399
0.23396200
0.24027146
0.24511867
0.23632096
0.22624540
0.21632804
0.21225716
0.21596311
0.23290153
0.25032825
0.25689569
0.23840332
0.21231413
0.20687920
0.22118251
0.24286968
0.25224725
0.23602760
0.21874634
0.21105678
0.21635871
0.22500242
0.23176932
0.22986927
0.21830741
0.21662089
0.22659156
0.23657530
0.23404173
0.23617328
0.23478057
0.22884231
0.22026864
0.21848095
0.21755251
0.22223041
0.22466531
0.23269817
0.23386706
0.22338510
0.22068128
0.21331335
0.21028981
0.21432462
0.22443162
0.22894948
0.22953694
0.22258767
0.23153672
0.24499339
0.24277631
0.22263842
0.20803302
0.20136448
0.20138363
0.20418003
0.20628939
0.21142106
0.21489441
0.22003089
0.21938820
0.22007989
0.22320698
0.22722083
0.23248777
0.23132564
0.22581555
0.21669787
0.20574080
0.19679560
0.19385407
0.19580541
0.19587838
0.19753476
0.19752689
0.19395871
0.19275251
0.19573034
0.19801795
0.19671705
0.19540284
0.19765976
0.20213220
0.21073089
0.22030124
0.22340499
0.21512892
0.21736865
0.23175715
0.23543899
0.23668041
0.22676706
0.21591401
0.20599144
0.20480143
0.20824638
0.21649993
0.22810801
0.22255309
0.21258471
0.20030366
0.19907097
0.20612321
0.21522598
0.22167356
0.22531147
0.22650417
0.22320134
0.21210018
0.20316920
0.19305838
0.18872592
0.19038560
0.19580029
0.20066137
0.20562810
0.20742899
0.20563477
0.20103999
0.19349462
0.18623638
0.18397317
0.18235611
0.18233946
0.18629390
0.18795238
0.18945502
0.18954772
0.19246003
0.19192070
0.19160015
0.19193569
0.18962175
0.18429553
0.18337766
0.18692703
0.18924937
0.19300170
0.19517174
0.18838498
0.17953417
0.17306832
0.17254860
0.17736106
0.18609338
0.20011011
0.21039316
0.20694472
0.19215435
0.18235388
0.17555162
0.17489864
0.18026352
0.18957861
0.19421980
0.19589187
0.19294581
0.19091461
0.18930220
0.18080972
0.17420908
0.17287763
0.17322804
0.17226647
0.17354216
0.17643387
0.18004269
0.18502511
0.18767779
0.18732488
0.17939416
0.17690704
0.17643238
0.17513761
0.17599477
0.17939515
0.18139355
0.17920944
0.17771353
0.17582748
0.17127142
0.16843832
0.16760480
0.16852212
0.17139633
0.17600059
0.17964660
0.18275530
0.18175005
0.17919865
0.17761765
0.17982491
0.17951579
0.17868325
0.17734715
0.17932929
0.18199597
0.18206069
0.18359814
0.18543927
0.18063611
0.17910164
0.17667367
0.17861578
0.18020187
0.18158077
0.18193337
0.18517476
0.19380170
0.19086561
0.18547666
0.18043672
0.18127257
0.19124436
0.19827522
0.19824356
0.19205113
0.18325785
0.17497056
0.17056465
0.17336714
0.17933183
0.18511414
0.18066173
0.17724680
0.17605156
0.17522833
0.18046425
0.18860778
0.19871322
0.20171980
0.19767816
0.18335233
0.16776272
0.16897628
0.18265890
0.19898823
0.20011408
0.18808059
0.17739685
0.17341212
0.18374573
0.19582856
0.19260006
0.18523038
0.17740092
0.17353688
0.17266956
0.17466437
0.18617120
0.20188084
0.21270372
0.22364993
0.21635927
0.20676762
0.19412339
0.18081819
0.17326222
0.18417794
0.19940197
0.21462648
0.22831788
0.23264353
0.21735812
0.19305112
0.17352556
0.16186781
0.15743712
0.15984453
0.16888574
0.17953433
0.18770374
0.19440059
0.20193751
0.19390286
0.18061796
0.16813639
0.15851020
0.15575635
0.16008034
0.16843821
0.17989203
0.18830292
0.18539979
0.17758186
0.16313470
0.15239913
0.14842956
0.14902259
0.15114052
0.15607074
0.15942108
0.15904693
0.15718353
0.15689571
0.15813878
0.15984124
0.16082121
0.16189045
0.16703285
0.17099792
0.17832749
0.17920604
0.17597628
0.16886832
0.16082066
0.15526795
0.15300350
0.15542122
0.16370094
0.17129479
0.17578248
0.17313537
0.17165831
0.16927072
0.16597719
0.16364456
0.16204162
0.16343407
0.16791061
0.17408232
0.18046295
0.17914583
0.17475901
0.16861296
0.16188504
0.15812656
0.15595859
0.15869373
0.16299661
0.16629295
0.16637304
0.16076890
0.15560978
0.14955487
0.14531951
0.14135588
0.14051853
0.14069605
0.14118979
0.14107736
0.14100598
0.14137721
0.14312557
0.14745456
0.15334845
0.15759975
0.15742947
0.15265807
0.14961652
0.14819993
0.14755586
0.14943124
0.15141415
0.15343939
0.15435183
0.15356790
0.15110372
0.14667535
0.14405664
0.14349033
0.14465479
0.14535636
0.14607473
0.14725590
0.14969693
0.14993469
0.14773806
0.14309900
0.14243731
0.14389912
0.14508993
0.14768679
0.15116956
0.15430081
0.15659265
0.15842024
0.15574517
0.15154777
0.14773783
0.14655469
0.14495639
0.14397607
0.14256343
0.14278529
0.14388916
0.14526020
0.14523486
0.14290022
0.14155378
0.14269372
0.14128973
0.14287139
0.14968675
0.15466777
0.15892648
0.15881971
0.15676771
0.15400578
0.15204295
0.15102598
0.15119803
0.14906540
0.14647341
0.14642733
0.14459824
0.14230503
0.13984309
0.13943407
0.14026559
0.13953404
0.13984364
0.14172264
0.14663803
0.15190962
0.15787389
0.16725533
0.17588498
0.17954401
0.17440654
0.16711194
0.15826322
0.15158796
0.14425450
0.13876973
0.13741218
0.13894555
0.14065403
0.14156992
0.14214461
0.14255505
0.14440764
0.14707782
0.14320918
0.14140579
0.13899122
0.13656239
0.13695597
0.13981953
0.14629038
0.15384480
0.15498980
0.15449501
0.15315979
0.15004674
0.14467795
0.14696628
0.15424961
0.16346692
0.16391149
0.16061982
0.15329373
0.14963356
0.14870157
0.14723164
0.14830921
0.14933404
0.14704490
0.14624362
0.14825048
0.14997630
0.14219589
0.13797939
0.13862087
0.14250444
0.15007327
0.15530568
0.16104455
0.16095389
0.15805655
0.15754685
0.14899755
0.14489891
0.14702107
0.14765728
0.14992318
0.15090817
0.15485372
0.15560682
0.15191706
0.14867980
0.14308944
0.13615133
0.13313943
0.13412492
0.13600186
0.14098988
0.14844767
0.15494767
0.15419021
0.15295399
0.14607512
0.13845866
0.13595700
0.13476895
0.13440467
0.13498131
0.13554527
0.13772365
0.14128301
0.14469020
0.14690463
0.14659038
0.14233323
0.13866685
0.13540838
0.13200082
0.12984285
0.12949654
0.13046062
0.13281135
0.13544670
0.13661850
0.13760427
0.13979261
0.13959727
0.13962788
0.13621613
0.13681624
0.13788685
0.14348343
0.15242854
0.15409871
0.14592613
0.13831100
0.13675989
0.13645469
0.14068691
0.14807445
0.14889829
0.15022936
0.14873344
0.14661677
0.14493008
0.14030647
0.13334597
0.12868322
0.12701804
0.13201534
0.14290036
0.15227623
0.16313233
0.17108199
0.15557374
0.14207433
0.13402658
0.13824934
0.15332247
0.16450403
0.17379514
0.17981249
0.15844906
0.15012118
0.14766555
0.14907815
0.15219995
0.15483783
0.14390720
0.13710845
0.13081762
0.12707563
0.12562898
0.12752799
0.13257201
0.13915860
0.14344472
0.14236202
0.14023499
0.13449259
0.13030316
0.12756514
0.12407819
0.12150769
0.12123530
0.12309884
0.12418885
0.12564057
0.12716479
0.12719582
0.12740700
0.12603007
0.12565084
0.12626747
0.12590679
0.12474766
0.12493104
0.12707377
0.13098828
0.13598106
0.14163598
0.14180097
0.14109693
0.13655687
0.13312211
0.13205558
0.13226384
0.13390666
0.13273072
0.13353556
0.13673731
0.13977684
0.14367934
0.14884555
0.14421913
0.14043618
0.13996368
0.14411351
0.14528498
0.14835778
0.14971519
0.15008429
0.14196561
0.13832967
0.13815607
0.13169313
0.12758190
0.12555523
0.12538197
0.12880874
0.13044429
0.13140748
0.13261641
0.13363901
0.13501768
0.13238402
0.13148677
0.13085490
0.13097466
0.13121187
0.13190863
0.13557974
0.13546207
0.13438005
0.13291492
0.12974509
0.12812309
0.12784994
0.12460383
0.12242290
0.12152076
0.12132195
0.11961312
0.11797677
0.11670020
0.11642097
0.11626040
0.11687352
0.11731432
0.11955595
0.12192186
0.12390009
0.12735565
0.12854406
0.12812514
0.12463793
0.11950962
0.11851434
0.12188543
0.12440500
0.12735041
0.12993044
0.13065797
0.13198721
0.13429713
0.13812828
0.13879763
0.13489868
0.12933280
0.12656063
0.12401364
0.12002167
0.11707205
0.11741771
0.12029861
0.12237423
0.12401550
0.12522161
0.12593731
0.12097299
0.11602634
0.11504436
0.11676163
0.12060168
0.12499423
0.12901379
0.13042343
0.12647543
0.12618207
0.12614345
0.13190171
0.14000078
0.14601397
0.14616379
0.14126416
0.13713558
0.13489977
0.13132390
0.12871176
0.12791309
0.12566371
0.12510015
0.12652384
0.12981690
0.13754783
0.14458942
0.14345187
0.13530487
0.12858288
0.12384310
0.12137697
0.12425034
0.12939165
0.13336448
0.13883758
0.14320019
0.14872875
0.14871889
0.14039172
0.13481350
0.13201475
0.12942991
0.13085272
0.13516790
0.14156295
0.14771377
0.15235848
0.15143657
0.15085412
0.14835477
0.14470188
0.14192906
0.13620808
0.12871168
0.12239738
0.11815155
0.11512886
0.11589742
0.11792904
0.11685362
0.11475417
0.11299248
0.11224621
0.11370738
0.12025937
0.12863887
0.13615284
0.13899395
0.13749394
0.13020576
0.12561220
0.12621705
0.12901565
0.13251855
0.13400076
0.13382152
0.13113814
0.12727551
0.12595805
0.12906687
0.13089251
0.13382417
0.13119900
0.12828206
0.12487340
0.12150460
0.11655809
0.11420855
0.11513977
0.12001893
0.12775312
0.12953302
0.12987557
0.12673581
0.12516535
0.12327883
0.12050848
0.11532122
0.11303599
0.11316269
0.11509403
0.11717760
0.11646758
0.11589193
0.11399234
0.11258753
0.10991410
0.10819018
0.10847793
0.10800849
0.10690074
0.10736511
0.10899320
0.11139673
0.11460625
0.11516465
0.11472956
0.11093124
0.10833211
0.10585435
0.10662905
0.10938002
0.11438485
0.11766935
0.12150461
0.12063672
0.11893718
0.11774008
0.11496197
0.10970691
0.10809768
0.10893359
0.11224890
0.11389635
0.11335377
0.11422494
0.11463871
0.11329432
0.11091465
0.10888582
0.10633144
0.10455307
0.10429213
0.10634067
0.10970017
0.11131436
0.11108031
0.11051776
0.10936231
0.10755997
0.10529272
0.10389068
0.10444426
0.10606132
0.10745501
0.10823522
0.10723962
0.10604525
0.10468063
0.10367654
0.10340559
0.10335134
0.10332944
0.10489857
0.10721601
0.10753432
0.10821497
0.10824808
0.10804404
0.10752145
0.10636350
0.10522453
0.10553560
0.10679866
0.10681743
0.10778614
0.10787776
0.10710845
0.10614362
0.10509124
0.10446015
0.10463106
0.10694103
0.11014756
0.11370010
0.11408910
0.11427316
0.11348989
0.11250436
0.11115351
0.10994109
0.11104841
0.11335718
0.11603288
0.11545428
0.11565558
0.11262309
0.10942552
0.10740684
0.10649147
0.10729758
0.11020233
0.11423566
0.12002142
0.12218325
0.12266803
0.12060037
0.11826401
0.11829455
0.12199786
0.12797852
0.13269206
0.13222709
0.13012012
0.12813671
0.12257186
0.11818094
0.11963504
0.12664444
0.13434394
0.13908640
0.14117488
0.13795792
0.12465519
0.11557455
0.11090673
0.10836082
0.10681984
0.10632162
0.10631996
0.10650394
0.10544448
0.10218738
0.10017650
0.09878681
0.09798925
0.09827688
0.10015080
0.10134624
0.10255631
0.10349362
0.10319451
0.10227669
0.10102749
0.10259503
0.10299198
0.10950245
0.11580604
0.12223996
0.12786665
0.13092455
0.13311806
0.13202535
0.11968185
0.11370984
0.11230358
0.11145957
0.11242064
0.11311225
0.11347681
0.11590887
0.11959304
0.12138412
0.11739233
0.11396953
0.10886244
0.10531247
0.10400544
0.10439933
0.10483229
0.10534447
0.10479568
0.10479620
0.10388468
0.10365657
0.10292799
0.10264779
0.10313799
0.10225386
0.10223902
0.10226449
0.10276065
0.10288684
0.10373580
0.10517194
0.10432161
0.10369344
0.10198896
0.10098757
0.10092290
0.10146574
0.10322603
0.10574326
0.10981961
0.11598962
0.12262125
0.12789572
0.13416712
0.13712104
0.12876078
0.11944963
0.11120871
0.10648273
0.10561477
0.10647478
0.10860049
0.11127360
0.11371846
0.11039830
0.10394187
0.09818624
0.09479544
0.09304407
0.09379751
0.09632394
0.09967838
0.10272597
0.10182286
0.09881147
0.09630226
0.09383464
0.09514259
0.09777078
0.10081572
0.10381567
0.10619817
0.10579243
0.10475905
0.10451849
0.10376407
0.10409664
0.10561136
0.10751040
0.11069975
0.11358175
0.11187655
0.10977633
0.10623867
0.10396956
0.10210585
0.10235393
0.10160673
0.10086262
0.10129750
0.10236549
0.10289319
0.10357141
0.10361578
0.10277764
0.10278943
0.10356796
0.10194029
0.10017230
0.09976105
0.10141859
0.10416396
0.10646020
0.10983623
0.11405350
0.11579826
0.11469313
0.11008849
0.10594174
0.10510258
0.10239680
0.10201125
0.10426747
0.10579998
0.10834869
0.11062487
0.11237195
0.11285284
0.11169218
0.10989095
0.10800176
0.10585294
0.10596993
0.11062556
0.11591401
0.12011015
0.12291580
0.12938263
0.13558396
0.12860716
0.12156200
0.11503567
0.11139639
0.11164550
0.11349874
0.11457862
0.11098365
0.10598413
0.10262265
0.10103489
0.10045683
0.10117148
0.10093585
0.10052850
0.09955049
0.09876721
0.09879474
0.09968102
0.10165444
0.10422618
0.10565188
0.10639427
0.10369856
0.10223918
0.10043441
0.10079133
0.10271166
0.10441620
0.10314911
0.10281872
0.10054545
0.09876395
0.09837789
0.09899545
0.10222186
0.10749436
0.10912565
0.10920141
0.10809765
0.10424636
0.10065363
0.09992427
0.10135063
0.10203513
0.10400472
0.10644293
0.10949307
0.10952071
0.10913081
0.11028687
0.11282085
0.11547612
0.11847335
0.12013728
0.11936327
0.11540845
0.11174701
0.10971056
0.10889737
0.10821270
0.10793477
0.10558720
0.10621701
0.10788295
0.10998698
0.11057012
0.11006459
0.10962271
0.10901358
0.10671661
0.10511956
0.10296173
0.10021061
0.09844152
0.09698988
0.09543860
0.09570637
0.09696367
0.09933054
0.10260435
0.10433622
0.10282337
0.10092406
0.09777937
0.09810675
0.09926971
0.10244069
0.10543780
0.10989396
0.11025559
0.10976288
0.10688739
0.10364375
0.09719527
0.09453177
0.09377127
0.09530373
0.09824837
0.10274350
0.10916356
0.11221686
0.11186271
0.10538485
0.09742216
0.09388464
0.09278007
0.09226875
0.09326792
0.09501293
0.09741571
0.09923108
0.10136663
0.10302051
0.10224487
0.10221307
0.10075667
0.09922677
0.09824635
0.09733168
0.09577724
0.09256261
0.09132745
0.09204523
0.09381648
0.09697331
0.09871568
0.10084807
0.10141482
0.10240341
0.10466951
0.10666720
0.10915358
0.11182976
0.11080552
0.10597291
0.10218103
0.10107212
0.10261749
0.10213870
0.10286834
0.10479490
0.10686123
0.10798368
0.11109923
0.11371358
0.11620234
0.11725668
0.11165200
0.10321059
0.09809286
0.09629916
0.09540921
0.09578117
0.09758930
0.09871656
0.09906781
0.09864624
0.09814552
0.10026730
0.10113920
0.10296780
0.10364063
0.10103292
0.09874268
0.09739070
0.09739590
0.09797530
0.09834870
0.09741809
0.09413691
0.09199179
0.09099710
0.09194383
0.09441848
0.09668305
0.09808259
0.09631188
0.09560736
0.09485202
0.09467766
0.09512875
0.09642750
0.09873367
0.10080349
0.10277124
0.10250844
0.09730708
0.09448529
0.09601442
0.09854876
0.10268770
0.10747036
0.11178542
0.11357641
0.11340087
0.11196559
0.10827248
0.10455197
0.10474145
0.10657727
0.10908626
0.11148051
0.11071040
0.11034835
0.11167880
0.11387179
0.11654975
0.11194518
0.10396908
0.09855808
0.09855268
0.10174098
0.10675385
0.11384682
0.12127837
0.12629393
0.12154894
0.11793408
0.11474034
0.10850611
0.10495406
0.10468327
0.10523153
0.10786710
0.10942977
0.11078479
0.11222940
0.11208242
0.11324348
0.11000518
0.10801464
0.10668844
0.10519202
0.10508190
0.10489578
0.10484059
0.10505802
0.10381111
0.10319125
0.10361494
0.10234473
0.10126386
0.09987703
0.09827908
0.09785176
0.09823465
0.09944086
0.09883967
0.09890890
0.10007772
0.09665924
0.09389058
0.09241106
0.09134865
0.09166323
0.09229857
0.09320667
0.09394438
0.09360997
0.09375240
0.09419036
0.09420168
0.09417058
0.09283822
0.09162918
0.08999202
0.08916053
0.08819139
0.08757032
0.08639513
0.08633338
0.08750839
0.08852035
0.08785693
0.08771428
0.08776916
0.08793113
0.08836656
0.08930910
0.09107452
0.09173939
0.09124699
0.09029810
0.08927750
0.08889492
0.08854142
0.08725529
0.08550818
0.08383101
0.08308250
0.08266673
0.08322349
0.08387432
0.08480082
0.08563887
0.08690698
0.08968891
0.09123867
0.09371313
0.09482307
0.09538709
0.09694985
0.09664721
0.09480388
0.09322325
0.09181269
0.09055433
0.08646611
0.08669339
0.08910001
0.09227709
0.09744534
0.10401465
0.10995090
0.10619204
0.09996575
0.09516346
0.09203035
0.09029340
0.08984919
0.09001264
0.08898151
0.08750379
0.08594252
0.08543939
0.08441784
0.08390169
0.08401994
0.08435002
0.08566437
0.08830789
0.09064665
0.09155894
0.09146615
0.09115370
0.08944053
0.08707972
0.08532054
0.08607477
0.08837564
0.09197214
0.09085690
0.08963568
0.08615753
0.08559764
0.08856797
0.08983076
0.09076264
0.08985850
0.08936154
0.08886683
0.08832523
0.08777117
0.08641516
0.08509506
0.08668875
0.08977518
0.09244260
0.09538481
0.09678389
0.09365918
0.09165829
0.09085651
0.08883166
0.08711505
0.08642734
0.08854269
0.09273915
0.09608527
0.09640120
0.09546584
0.09509517
0.09394691
0.09181328
0.09282872
0.09063101
0.08873047
0.08769545
0.08773925
0.08942619
0.09160805
0.09242822
0.09124774
0.09011476
0.08787353
0.08704811
0.08743699
0.08800564
0.08879912
0.09174634
0.09544361
0.09984799
0.10455352
0.10895730
0.11122770
0.10571323
0.10130720
0.09841060
0.09488273
0.09338785
0.09332624
0.09360167
0.09205320
0.09049344
0.08871330
0.08794688
0.08883084
0.09222922
0.09705002
0.10219269
0.10647160
0.10676578
0.10263788
0.09761472
0.09485608
0.09245201
0.09116681
0.08996592
0.08988679
0.09005725
0.08895514
0.08841190
0.08843429
0.08764257
0.08674098
0.08533152
0.08471387
0.08502767
0.08530110
0.08594570
0.08612563
0.08543807
0.08463937
0.08408570
0.08428349
0.08456747
0.08499708
0.08484143
0.08273791
0.08149223
0.08115125
0.08255292
0.08515383
0.08856856
0.08999179
0.09035042
0.08977140
0.08765532
0.08623447
0.08604735
0.08570220
0.08663099
0.08809618
0.09079083
0.09404658
0.09496448
0.09414889
0.09104646
0.08626117
0.08543137
0.08607309
0.08819412
0.09143964
0.09422336
0.09563530
0.09629639
0.09458456
0.09179299
0.08948128
0.08790854
0.08719788
0.08651417
0.08652805
0.08575396
0.08466714
0.08419946
0.08222799
0.08112244
0.08118500
0.08063468
0.08009243
0.07927005
0.07738159
0.07655643
0.07646704
0.07740848
0.07898267
0.08095627
0.08107305
0.08139673
0.08214885
0.08296144
0.08333656
0.08255684
0.08314383
0.08443015
0.08559610
0.08708674
0.08898448
0.09051581
0.09217029
0.09269903
0.09112791
0.08989048
0.08766724
0.08686570
0.08800108
0.09060222
0.09360723
0.09462372
0.09305138
0.09251993
0.09215172
0.09141500
0.09119398
0.09048678
0.08885398
0.08771523
0.08754509
0.08855245
0.08943345
0.09115353
0.09243982
0.09325544
0.09328731
0.09075406
0.08829089
0.08607195
0.08511670
0.08476513
0.08514242
0.08684573
0.08996344
0.08988004
0.08899552
0.08855135
0.08834938
0.08980671
0.08829745
0.08668358
0.08652936
0.08464887
0.08289561
0.08082716
0.08049692
0.08103107
0.08182931
0.08058612
0.07974144
0.07939926
0.08047188
0.08231435
0.08408853
0.08464988
0.08699169
0.08942022
0.09049201
0.09160279
0.08933492
0.08651975
0.08312209
0.08025521
0.07861421
0.07896752
0.08054184
0.08422072
0.08934396
0.09454752
0.09614528
0.09542265
0.09012793
0.08502574
0.08286630
0.08292780
0.08131643
0.07992476
0.07993364
0.08072450
0.08204422
0.08443416
0.08727248
0.08868942
0.08853737
0.08992977
0.08852243
0.08643295
0.08384484
0.08218924
0.08190220
0.08273517
0.08285700
0.08392169
0.08530004
0.08710606
0.08832306
0.08644959
0.08513175
0.08398327
0.08369156
0.08419457
0.08459884
0.08473491
0.08308662
0.08273683
0.08251678
0.08093655
0.07932134
0.07909551
0.07959726
0.08042350
0.08151588
0.08283510
0.08399557
0.08405867
0.08461353
0.08337863
0.08322894
0.08318385
0.08360764
0.08445451
0.08533434
0.08467940
0.08299406
0.08332339
0.08515461
0.08529553
0.08547794
0.08615275
0.08776203
0.08969005
0.08954366
0.08501930
0.08144269
0.07809341
0.07637374
0.07525668
0.07541744
0.07646918
0.07819810
0.07968297
0.08130780
0.08310687
0.08420082
0.08530964
0.08527142
0.08419208
0.08402625
0.08417469
0.08315303
0.08113066
0.08135747
0.08223114
0.08460510
0.08952889
0.09176179
0.09383963
0.09467205
0.09359875
0.09042251
0.08728418
0.08737540
0.08767827
0.08805222
0.08766340
0.08765566
0.08739263
0.08566929
0.08378328
0.08177830
0.08057475
0.08075124
0.08085938
