2.30166722
2.30125639
2.30088373
2.30045320
2.30016787
2.29977077
2.29929960
2.29883527
2.29822473
2.29765584
2.29712206
2.29647323
2.29588673
2.29515830
2.29423063
2.29342133
2.29256684
2.29162566
2.29053360
2.28935481
2.28796848
2.28661540
2.28494836
2.28346508
2.28166687
2.27980066
2.27769283
2.27484374
2.27242045
2.26983532
2.26688290
2.26487069
2.26166728
2.25833781
2.25450275
2.25117397
2.24704420
2.24220450
2.23792864
2.23288923
2.22713566
2.21948280
2.21390958
2.20761771
2.20075974
2.19213473
2.18395127
2.17340983
2.16360446
2.15411398
2.14189695
2.12939512
2.11822494
2.10748574
2.09454695
2.07922613
2.06479578
2.04817915
2.03255949
2.01708683
1.99985603
1.98156936
1.96392165
1.94471416
1.92522673
1.90404336
1.88297163
1.86167724
1.83870993
1.81710337
1.79210549
1.76626537
1.74016847
1.71711512
1.69080031
1.66683245
1.64428947
1.61978714
1.59140470
1.56698367
1.54382295
1.51971664
1.49536899
1.47043510
1.44948131
1.42568982
1.40556280
1.37791470
1.35602781
1.33681404
1.32065389
1.29998598
1.27738215
1.25965057
1.24415910
1.22507982
1.20977397
1.18696431
1.17183230
1.15856150
1.14587730
1.12363192
1.10707744
1.09427030
1.07599036
1.06309683
1.04983571
1.03829644
1.02310537
1.01195831
0.99918467
0.98644030
0.98092506
0.97043525
0.95518425
0.94990189
0.93676743
0.93328715
0.91862633
0.90549475
0.89394278
0.88902622
0.88279892
0.86650627
0.85934741
0.85028282
0.84394423
0.83980605
0.83718049
0.82541845
0.81833759
0.81091002
0.80736594
0.79596063
0.79771351
0.79599584
0.78841473
0.77716324
0.77764568
0.76404277
0.76044065
0.75921801
0.74679303
0.73948360
0.74121192
0.74278313
0.73015213
0.72351333
0.72219628
0.71715025
0.70506014
0.70552430
0.69793513
0.70133295
0.69194200
0.68538931
0.68215919
0.67594065
0.67468187
0.67164992
0.66600892
0.66315728
0.66105704
0.65776980
0.65332031
0.65920490
0.66618664
0.64489754
0.65363551
0.63813490
0.63170965
0.63416360
0.62416440
0.62220241
0.61825353
0.62049235
0.62326126
0.61301207
0.60803616
0.60654854
0.60112186
0.59766277
0.59887383
0.59035785
0.59131671
0.58558521
0.58207054
0.59951590
0.58074576
0.57799858
0.57501037
0.56937612
0.57575443
0.56880851
0.56782884
0.56220385
0.56655764
0.56118853
0.56190113
0.56493599
0.55928920
0.55410256
0.54932921
0.55057321
0.55450481
0.54774926
0.55374374
0.54355913
0.53815569
0.54109189
0.53695223
0.53389711
0.54610233
0.53239533
0.54001965
0.52662955
0.53166975
0.52609090
0.52195093
0.52837127
0.51999002
0.51967247
0.51791678
0.51215175
0.51374383
0.52635590
0.51058544
0.50890172
0.51437367
0.50778678
0.50607514
0.50864076
0.50628573
0.50690049
0.50150391
0.50099874
0.49982078
0.49594200
0.49818819
0.49892853
0.49979270
0.49707529
0.49550304
0.50410595
0.49115190
0.49551196
0.49126450
0.48536475
0.48644995
0.48372876
0.48691667
0.48295949
0.48588353
0.47868901
0.48206857
0.48085422
0.47437907
0.47599663
0.47757670
0.47590703
0.47319126
0.46968035
0.46823377
0.46571198
0.46756810
0.46844375
0.46375224
0.46330076
0.46448054
0.47014849
0.46096710
0.45885911
0.46714471
0.45825227
0.45791516
0.45425841
0.45351884
0.45730750
0.46342463
0.45902316
0.45414750
0.45452041
0.46113631
0.45054332
0.44979142
0.44630483
0.44670881
0.44662896
0.44672382
0.44561385
0.44637979
0.44227914
0.44942355
0.44726388
0.44742278
0.44737603
0.44165314
0.45301011
0.44320177
0.44174943
0.44884972
0.44268238
0.44406364
0.43672421
0.43853792
0.43870493
0.43624603
0.43551831
0.43716990
0.43497066
0.43162413
0.43014068
0.43063686
0.44083180
0.43583126
0.43517942
0.42916809
0.43106960
0.43366710
0.42779631
0.42708338
0.42632321
0.43031378
0.42409468
0.42367935
0.43248945
0.43624980
0.43209651
0.42950205
0.41861259
0.42230613
0.42231124
0.41720902
0.42249347
0.41712095
0.41767345
0.41837477
0.41661674
0.42476960
0.41200050
0.41381914
0.41789199
0.42099484
0.41957660
0.41544205
0.41600071
0.41490908
0.40877918
0.43222098
0.41156846
0.41050381
0.41186092
0.41689397
0.40746905
0.41296297
0.40424402
0.40544517
0.40991389
0.40765343
0.40697845
0.40688627
0.40114544
0.40340057
0.40173094
0.40142984
0.40367028
0.40824707
0.41551714
0.40625075
0.40334019
0.40077252
0.40007798
0.40086607
0.39990034
0.39952163
0.40636270
0.40804865
0.40030925
0.39880805
0.39619531
0.39873582
0.40263046
0.40334207
0.39777780
0.39677934
0.40024973
0.39401353
0.39734571
0.39858455
0.39845120
0.39945929
0.39797601
0.39118475
0.39404081
0.38993553
0.38583768
0.38632297
0.38963778
0.39112737
0.38846639
0.39015471
0.39104506
0.39342356
0.38660932
0.39655877
0.38952407
0.38840842
0.39149656
0.38972362
0.38683448
0.38639765
0.38661590
0.38340705
0.38067278
0.38058141
0.38403295
0.38936956
0.38325445
0.38276354
0.38283042
0.38212233
0.38696383
0.37954730
0.38166710
0.38641964
0.37966397
0.38721593
0.38357301
0.38076817
0.37961108
0.38384550
0.37927445
0.37761950
0.37746980
0.37270795
0.37195810
0.37332661
0.37553281
0.38292618
0.38480571
0.37312832
0.37141916
0.37631539
0.37934014
0.37276928
0.37447291
0.37450989
0.37444250
0.37760025
0.38555310
0.37582088
0.36852430
0.36958640
0.38794330
0.37692490
0.37598113
0.38353539
0.37584196
0.37682713
0.37137216
0.36775914
0.37504079
0.36798720
0.36969984
0.36544413
0.37301934
0.36891256
0.37033168
0.36649741
0.36441332
0.36616154
0.36290823
0.36454372
0.36635597
0.36300901
0.36639850
0.36705194
0.36420611
0.36545774
0.36316397
0.36437828
0.37495526
0.36088612
0.36898853
0.36305496
0.36113488
0.36016504
0.36410873
0.36497915
0.36319911
0.36858735
0.36385750
0.37041637
0.36108784
0.35702726
0.35696937
0.35673851
0.35902119
0.36501002
0.36105021
0.35862328
0.36260558
0.36489332
0.36093919
0.36191953
0.36190158
0.36022026
0.35695705
0.35367873
0.35745477
0.35437937
0.35269692
0.35647691
0.35642410
0.35433990
0.35172070
0.35174501
0.35486424
0.35397568
0.35364359
0.35594608
0.35704538
0.35288536
0.35449486
0.35620889
0.35578848
0.35518466
0.35203189
0.35232606
0.35528015
0.35264826
0.35472630
0.34923553
0.35019381
0.34965343
0.34973425
0.34935933
0.34757610
0.34928981
0.34781124
0.34827299
0.34710263
0.34579292
0.34359089
0.34562329
0.35330408
0.35311084
0.35511665
0.35501845
0.35066885
0.34987524
0.35307146
0.34820028
0.34239781
0.35010556
0.34336520
0.34668653
0.34568350
0.34751142
0.34298722
0.34094973
0.34323272
0.35291306
0.35602661
0.35613118
0.34470322
0.34734084
0.34815469
0.34914042
0.34099831
0.34179963
0.34144998
0.34040667
0.34233096
0.34305980
0.34525007
0.34158351
0.34039396
0.34580075
0.34801844
0.33863339
0.34397338
0.34190830
0.34299383
0.33953025
0.34105313
0.34077079
0.33723073
0.33964887
0.34066384
0.34026316
0.33560825
0.33849332
0.33489949
0.33578372
0.34011842
0.34019531
0.34111704
0.34089600
0.34184089
0.34258762
0.34515352
0.34811464
0.34715281
0.33780045
0.33516201
0.33938328
0.33641491
0.34418393
0.33622061
0.33388121
0.33666699
0.34416633
0.34289064
0.33792830
0.33771627
0.33631644
0.34483525
0.33979778
0.33750095
0.33548979
0.33780723
0.33852668
0.33261714
0.33362669
0.33515438
0.33201161
0.33927922
0.33228110
0.33190509
0.33024815
0.33364429
0.32910051
0.33057848
0.33178242
0.32876732
0.32999363
0.32851908
0.32842621
0.32978935
0.33329646
0.33765807
0.33118632
0.33089381
0.33462792
0.33361613
0.32888481
0.32874982
0.33038010
0.33995932
0.33217554
0.32874785
0.33013662
0.33103802
0.33385451
0.32639800
0.32769913
0.32776857
0.32787017
0.32792717
0.32945180
0.32399483
0.33148082
0.32957830
0.32890747
0.33481724
0.32798944
0.32889162
0.33268027
0.32848945
0.32487711
0.32751008
0.32833510
0.32586583
0.32717090
0.32606068
0.32662033
0.32827319
0.32362143
0.32227064
0.33133734
0.32473387
0.32207390
0.32479977
0.32636352
0.32823367
0.32548760
0.33528319
0.32886544
0.32252888
0.32583833
0.32515554
0.32859553
0.32599852
0.32328648
0.32578001
0.32179072
0.31830410
0.32196301
0.32041515
0.32458946
0.32311956
0.32152680
0.32707081
0.31971178
0.32189636
0.32450339
0.32497602
0.32336318
0.32270560
0.31778978
0.32043696
0.31793467
0.31765750
0.31915010
0.31933730
0.32358338
0.31982914
0.32793284
0.31897299
0.32249971
0.32049383
0.32295366
0.32113064
0.32183114
0.31932546
0.31953408
0.31426247
0.31920979
0.31924167
0.31652609
0.32125177
0.32816678
0.31868342
0.33068794
0.32391240
0.31937261
0.32729794
0.32980269
0.32092902
0.31657814
0.31637355
0.31817818
0.32187675
0.31553360
0.31664661
0.31629734
0.32172669
0.31572014
0.31337977
0.31144643
0.31155175
0.31661470
0.31291965
0.31211793
0.31973175
0.32047247
0.31507145
0.31298790
0.31492134
0.31893430
0.31565974
0.31664293
0.31295442
0.31155390
0.31372526
0.31723528
0.31075092
0.31179585
0.31216400
0.31451694
0.31534975
0.31379236
0.31345265
0.32264574
0.31113821
0.31284986
0.31100052
0.31185054
0.30873670
0.30775889
0.30913688
0.31101027
0.31740019
0.31469237
0.31008796
0.31556624
0.31495455
0.31039722
0.31035288
0.30882391
0.31128289
0.30926869
0.30675401
0.30557842
0.30775954
0.30630944
0.30698243
0.30848091
0.30625550
0.30366491
0.30319409
0.30690615
0.30574074
0.30358635
0.30483948
0.30312237
0.30409069
0.31136857
0.30725891
0.30723017
0.30360095
0.30621982
0.30748522
0.30646059
0.30850082
0.30690493
0.30968522
0.31676789
0.30883804
0.30528848
0.30363615
0.30933454
0.31121054
0.30885836
0.30391810
0.30593334
0.30489994
0.30469103
0.30605260
0.30806717
0.31148620
0.31036161
0.30716446
0.30540250
0.30532829
0.30036930
0.30380137
0.30321327
0.30093008
0.30162178
0.30171819
0.30400154
0.30861324
0.30103420
0.29928137
0.30203505
0.30790181
0.30915983
0.31106789
0.30273984
0.30356970
0.30609468
0.30184655
0.30199562
0.29921333
0.29785581
0.30545809
0.30476771
0.30816917
0.29889817
0.30178910
0.30455154
0.30855212
0.30413736
0.30595587
0.30649400
0.29725092
0.29783706
0.29737083
0.29966401
0.30188455
0.29976614
0.30359755
0.29820602
0.30109896
0.29755354
0.29735063
0.29860470
0.29676065
0.29500020
0.29929632
0.30066089
0.29910015
0.29711504
0.30669552
0.29688576
0.29790768
0.29721983
0.29781645
0.29487499
0.29824227
0.29933709
0.29505670
0.29571628
0.29758740
0.29829022
0.29816671
0.29870120
0.29281368
0.29615392
0.29552533
0.29359456
0.29341895
0.29437732
0.29913980
0.29511390
0.29873483
0.29950101
0.29704066
0.29699941
0.29473895
0.29460433
0.29521625
0.30077960
0.29612893
0.29644133
0.30056796
0.30672046
0.29975891
0.29832386
0.29650924
0.29407262
0.29538985
0.29319653
0.29383926
0.29315083
0.29122919
0.29841826
0.29484067
0.29385523
0.29300154
0.29313495
0.29156901
0.29334812
0.29240931
0.29254906
0.29405019
0.29093665
0.29137607
0.28949043
0.29071529
0.29251613
0.29357111
0.29156296
0.29242324
0.29268676
0.28923620
0.29253506
0.29353589
0.28925474
0.29712106
0.29481485
0.28813334
0.28677791
0.28887123
0.29024760
0.29014430
0.29307368
0.29243004
0.29064699
0.28992021
0.29024368
0.28808757
0.29406427
0.29034972
0.28885280
0.28629383
0.28714583
0.28750785
0.28730831
0.28510969
0.28526624
0.28698415
0.28686790
0.29228460
0.29374774
0.28750582
0.28847498
0.29095421
0.28834610
0.28671571
0.28668407
0.28952421
0.28940756
0.28969927
0.28470035
0.28799305
0.29221987
0.29565175
0.29074434
0.29057861
0.28800219
0.28712000
0.28632342
0.28655325
0.28667398
0.28536318
0.28423792
0.28530584
0.28315111
0.28320604
0.28593984
0.28594972
0.28691980
0.29170017
0.28926133
0.28978541
0.29157091
0.28658634
0.29024590
0.28516717
0.28454640
0.28787908
0.28603550
0.28352511
0.28264874
0.27984536
0.28549815
0.28578316
0.29276582
0.28705854
0.28762097
0.28340201
0.28396394
0.28565409
0.28336364
0.28046538
0.27958855
0.28286906
0.28885135
0.28324732
0.28458781
0.28067890
0.28128709
0.27991825
0.28025418
0.27989818
0.27942852
0.27982306
0.28198627
0.28273272
0.27996914
0.28511217
0.28293517
0.28613001
0.28192297
0.27980964
0.27933344
0.27777005
0.27874501
0.28056205
0.27822520
0.27899275
0.28346555
0.28268531
0.28042725
0.28176582
0.27946817
0.28304226
0.27880696
0.27830951
0.28316971
0.28490663
0.28878463
0.28572323
0.29025103
0.28900726
0.28183387
0.27559134
0.27854869
0.27903878
0.27793929
0.27835049
0.27997329
0.28211615
0.27870172
0.28003685
0.28296046
0.27998674
0.28120316
0.28276280
0.28194010
0.28167871
0.27901779
0.27987616
0.28033124
0.28373240
0.27996944
0.27991835
0.27970725
0.28036940
0.28041536
0.27783616
0.27643500
0.28242056
0.28274001
0.28000631
0.27557185
0.27593302
0.27394220
0.27448246
0.27339871
0.27333145
0.27482408
0.27279431
0.27526788
0.27562695
0.27725180
0.27508775
0.27706144
0.28121165
0.28873895
0.28159919
0.28087757
0.27767610
0.27686704
0.27734539
0.28147453
0.27653935
0.27810093
0.27271397
0.27344649
0.27440245
0.27430541
0.27537142
0.27555685
0.27310816
0.27633072
0.27551507
0.27291193
0.27408808
0.27269896
0.27216105
0.27395172
0.27428525
0.27598162
0.27535943
0.27342192
0.27087503
0.27316178
0.26903030
0.27371364
0.27307526
0.27495089
0.27132123
0.27262127
0.27797781
0.27435890
0.26960726
0.26956414
0.26978158
0.27121544
0.27140571
0.26854946
0.26781163
0.26762610
0.26924993
0.27111150
0.26945985
0.26882459
0.26993209
0.26985697
0.27074737
0.27135375
0.27340184
0.26883929
0.26796849
0.26872142
0.26783993
0.27072031
0.26989867
0.27244284
0.27168412
0.27021899
0.26979645
0.26618506
0.26787767
0.26662025
0.26967198
0.27788798
0.26976143
0.27280375
0.27109639
0.27043233
0.26776024
0.26698474
0.26872402
0.26727486
0.26905891
0.26966865
0.26752229
0.26729511
0.26684136
0.27237872
0.26708474
0.26761706
0.27137777
0.27089334
0.26822239
0.27173158
0.26621214
0.26842441
0.26894734
0.27075177
0.26919835
0.26799987
0.27135594
0.26727869
0.27116146
0.26598133
0.26549335
0.26707736
0.26388783
0.26379107
0.26623182
0.26500819
0.26431109
0.26546217
0.26685447
0.26536027
0.26332048
0.26647837
0.26563931
0.26393836
0.26400791
0.26988219
0.27142992
0.27068288
0.26699268
0.26563193
0.26940265
0.26749323
0.26461598
0.26303544
0.26317312
0.26305475
0.26231224
0.26590297
0.26518934
0.26645406
0.26372690
0.26138839
0.26035122
0.26113598
0.26334880
0.26209947
0.26523095
0.26343421
0.26093345
0.25868504
0.26131563
0.26110313
0.26481282
0.26420141
0.26475177
0.26353042
0.26274908
0.26459652
0.26519554
0.26012087
0.26076894
0.25961853
0.26044091
0.26260908
0.26191654
0.26120144
0.26249942
0.26452770
0.26172466
0.26024832
0.25953409
0.25973944
0.25841368
0.25867688
0.25855774
0.25704138
0.25852891
0.25846736
0.25868133
0.26089681
0.26171716
0.26060327
0.26275648
0.25684960
0.25870624
0.25563297
0.25816887
0.25954740
0.26126149
0.25908024
0.26309996
0.27319318
0.26448486
0.26020227
0.25767147
0.25619608
0.25787827
0.25717271
0.25779010
0.26001536
0.26046010
0.25806419
0.25923692
0.25715320
0.25730973
0.25660664
0.26204861
0.25527710
0.25698418
0.25728412
0.25763702
0.25797651
0.26362030
0.25559042
0.25557921
0.25904117
0.25938912
0.25797142
0.25508035
0.25500567
0.25756233
0.25526303
0.25596069
0.26329076
0.26001072
0.25482140
0.25807570
0.25950608
0.25483877
0.25312492
0.25321543
0.25439821
0.25271991
0.26411219
0.25984081
0.25473102
0.25307757
0.25352355
0.25296331
0.25146950
0.25319449
0.25269401
0.25159377
0.25638253
0.25239478
0.25199981
0.25024393
0.25345519
0.25274536
0.25106867
0.25143675
0.25083404
0.25228477
0.25267718
0.25348374
0.25579649
0.25401368
0.25455767
0.25664284
0.25414336
0.25464179
0.25141923
0.25287969
0.25180102
0.25041641
0.25265389
0.25211266
0.25003929
0.25125052
0.25290409
0.25076245
0.25103338
0.25140589
0.25057972
0.24866727
0.25161695
0.24900081
0.24942277
0.24904991
0.24961267
0.25262726
0.24964287
0.25018389
0.25254856
0.24983177
0.24950487
0.24999800
0.25196806
0.25462871
0.25064185
0.25075878
0.25443556
0.25406995
0.25363240
0.25035882
0.24835586
0.25147478
0.24968325
0.24744146
0.25170334
0.25276438
0.25180920
0.25188626
0.24712925
0.24567051
0.24859667
0.24739540
0.24679337
0.24742425
0.24825821
0.24776408
0.25600468
0.25166313
0.24633139
0.25083086
0.25076819
0.24941216
0.24824775
0.25084975
0.24806244
0.24675055
0.24933936
0.24646841
0.24671976
0.24660747
0.24930139
0.24732128
0.24593076
0.24564128
0.24716523
0.24438925
0.24729124
0.24959334
0.25347183
0.24897048
0.25319763
0.24844786
0.24796640
0.24940501
0.24596137
0.24524761
0.25141803
0.24611168
0.24761565
0.24708010
0.24592390
0.24778816
0.24701813
0.25023787
0.24711248
0.24707357
0.24544330
0.24505269
0.24595695
0.24633457
0.25104549
0.24802683
0.24787399
0.24634650
0.25222324
0.24891125
0.24713231
0.24206833
0.24507776
0.25162510
0.25222543
0.24809186
0.24501986
0.24492490
0.24436992
0.24591575
0.24424309
0.24315369
0.24246196
0.24326119
0.24673497
0.24835468
0.24864408
0.24553988
0.24264072
0.24272179
0.24143688
0.24232153
0.24686046
0.24390396
0.24431806
0.24942028
0.24948086
0.24767853
0.24489372
0.24270911
0.24228005
0.24194613
0.24595561
0.24872714
0.24599387
0.24741516
0.24807997
0.24767861
0.25007024
0.24303154
0.24868526
0.24293740
0.24363645
0.24893348
0.24820822
0.23973608
0.24007862
0.24321298
0.24548966
0.24301227
0.23986055
0.24484837
0.24258843
0.24029061
0.24092291
0.24050439
0.23911263
0.23860218
0.24121218
0.23993714
0.24350819
0.24000322
0.23854742
0.23765563
0.24167466
0.24301979
0.24421773
0.24008390
0.23920325
0.23927476
0.23647932
0.23775613
0.24053669
0.23848022
0.24182635
0.23747691
0.23826130
0.23783450
0.24103525
0.24035022
0.23603448
0.23639197
0.23614483
0.23815494
0.23836713
0.23628579
0.23568932
0.23763534
0.23619933
0.23581435
0.23737865
0.23809413
0.23497021
0.23628440
0.23620012
0.23571162
0.23653093
0.23948647
0.23737132
0.23613487
0.24079218
0.23922158
0.23515161
0.23525534
0.23621545
0.23414793
0.23361957
0.23396538
0.23803194
0.23665240
0.24129072
0.23887763
0.23595724
0.23462397
0.23708255
0.23585565
0.23430926
0.23446796
0.23382740
0.23679936
0.23618522
0.24068335
0.23646281
0.23534255
0.23610100
0.23749416
0.23569071
0.23895141
0.23363198
0.23263728
0.23501414
0.23329719
0.23758183
0.23436557
0.23156807
0.23542824
0.23281228
0.23299493
0.23267150
0.23490037
0.23901703
0.24006970
0.23739356
0.23619750
0.23575955
0.23507593
0.23222698
0.23117566
0.23774538
0.23536918
0.23310483
0.23267957
0.23317304
0.23498751
0.23438030
0.23478451
0.23282638
0.23269757
0.23228337
0.23105334
0.23494943
0.23798473
0.23585928
0.23264231
0.23127121
0.23152609
0.23322860
0.23387973
0.23197203
0.23070500
0.23320848
0.23150628
0.23140125
0.23204814
0.23010966
0.23150477
0.23448511
0.23178199
0.23153523
0.23208228
0.23399600
0.22886235
0.22971482
0.22936574
0.23029760
0.23084945
0.23528587
0.24042798
0.23875582
0.23355610
0.23486049
0.23706801
0.23259601
0.23056809
0.22959820
0.23082170
0.23034594
0.23102607
0.23127908
0.22991911
0.22967941
0.22837174
0.23009211
0.23336974
0.23371061
0.23129805
0.22960760
0.23032135
0.22868698
0.23061852
0.22853997
0.22654380
0.22743944
0.22888613
0.22803941
0.23180537
0.22821591
0.22952602
0.22980313
0.22966686
0.22787294
0.22784807
0.22741977
0.22648174
0.22668511
0.22704912
0.22835242
0.22840815
0.22967060
0.22740427
0.22824740
0.22840955
0.22760109
0.22878627
0.22597752
0.22955957
0.22813634
0.22805031
0.22866232
0.22788552
0.22816392
0.22703236
0.22617548
0.22582809
0.22465863
0.22749519
0.22649424
0.23132628
0.23426507
0.22757729
0.22743913
0.22498705
0.22769821
0.22530779
0.22596628
0.22953394
0.22547175
0.22511539
0.22771114
0.22901367
0.22593451
0.22287728
0.22303586
0.22418462
0.22508909
0.22410304
0.22600291
0.22744283
0.22253314
0.22291634
0.22312299
0.22331905
0.22642469
0.22599918
0.22711548
0.22298216
0.22463260
0.22455728
0.22433316
0.22208787
0.22338498
0.22177947
0.22147641
0.22411974
0.22483458
0.22568981
0.22480245
0.22335032
0.23005963
0.22444798
0.22423016
0.22557658
0.22648460
0.22773335
0.22449224
0.22470236
0.22735748
0.22631031
0.22601551
0.22316605
0.22256070
0.22437678
0.22509160
0.22658539
0.22904776
0.22414352
0.22290673
0.22230542
0.22228758
0.22307557
0.22602713
0.22471419
0.22267635
0.22485331
0.22477429
0.22554306
0.22176360
0.22315812
0.22536476
0.22323640
0.22641894
0.22072988
0.22212737
0.22306227
0.22427771
0.22558705
0.22064014
0.22248574
0.22295288
0.22574821
0.23046457
0.23562116
0.23087768
0.22589814
0.21928524
0.22257569
0.21887626
0.22008837
0.22124840
0.22044502
0.22266135
0.22328913
0.22035854
0.22205123
0.21852252
0.21948146
0.21966208
0.21857616
0.22205939
0.21928174
0.21893404
0.21897439
0.22046700
0.22086739
0.21964620
0.22002471
0.21828329
0.21980837
0.21899711
0.21821368
0.21799096
0.22268204
0.22022134
0.21927855
0.21806816
0.21740232
0.21748065
0.21824027
0.22309192
0.22180060
0.22126976
0.22205715
0.22385479
0.22054181
0.22122805
0.22328498
0.21820963
0.21700415
0.21740085
0.21687125
0.21877578
0.21963961
0.21910687
0.21783929
0.22075909
0.21953834
0.21936521
0.21939091
0.22651850
0.22563714
0.22009181
0.21811462
0.21753395
0.21962928
0.21785360
0.22146430
0.21702903
0.22184360
0.21658125
0.21600570
0.21784484
0.21668137
0.22233458
0.22297823
0.21924857
0.22316372
0.22061914
0.21677071
0.21858003
0.21888716
0.21878834
0.21662963
0.21804837
0.22103798
0.22187719
0.22019559
0.21994382
0.21823526
0.21687235
0.21306779
0.21515132
0.21901193
0.21508448
0.21533513
0.21579846
0.21429367
0.21450900
0.21368555
0.21445965
0.21596421
0.21862183
0.21579830
0.21776100
0.21995708
0.21855110
0.21726641
0.21415864
0.21451924
0.21749004
0.21665654
0.21571234
0.21472261
0.21828016
0.21853147
0.21653561
0.21958383
0.21343771
0.21545920
0.21401435
0.21486545
0.21577392
0.21368862
0.21298030
0.21513921
0.21469554
0.21216733
0.21437729
0.21220351
0.21438660
0.21906637
0.21590750
0.21695583
0.21721447
0.21589180
0.21682041
0.21568746
0.21186097
0.21530428
0.21463274
0.21472480
0.21279225
0.21403957
0.21327968
0.21379187
0.21250361
0.21197830
0.21298562
0.21476010
0.21306429
0.21567856
0.21277809
0.21237361
0.21319102
0.21048183
0.20998782
0.21057124
0.21077918
0.21132418
0.21315648
0.21601515
0.21186328
0.21729248
0.21509492
0.21387746
0.21222031
0.20916910
0.20928279
0.20953916
0.21100364
0.21087696
0.20986880
0.21039270
0.21181392
0.21369425
0.21595762
0.21223934
0.21318062
0.21330891
0.21015237
0.20822889
0.20952683
0.21070032
0.21069820
0.21406908
0.21020198
0.21154382
0.21138711
0.21649066
0.21324163
0.21459799
0.20951869
0.20936627
0.20813064
0.20912040
0.21095627
0.20904288
0.20865863
0.21288839
0.21210531
0.21414553
0.21573773
0.21016150
0.21194722
0.20995094
0.20802227
0.20854405
0.20951804
0.20764323
